-73.85835427500902 40.56507951957753
-70.95796365000933 42.66742768420476
-78.91206521250587 42.66742768420476
-87.43745583749975 41.69048709677229
-90.20601052499944 38.772432514145194
-93.1064011499991 45.29144400095841
-105.2353073999977 39.961475963760066
-111.82710427499693 41.13019627380825
-117.27632302500142 47.50341272285311
-122.81343240000076 48.152468818056875
-122.72554177499823 45.8757982618686
-124.26362771250061 41.13019627380825
-123.12104958749816 38.222145234071036
-120.13276833749595 39.72528830651809
-115.56245583750162 36.08588188690158
-118.63862771249869 33.999320468363095
-117.2323777124963 32.97311239658548
-112.22261208749687 33.23080293029681
-111.38765114999953 35.01327961148759
-101.89546365000065 34.97727964358472
-96.62202615000125 32.640688397241334
-97.76460427500368 30.089457425014395
-95.3036667750014 29.287759374472813
-89.89839333750201 29.746655988569763
-84.66890115000008 30.089457425014395
-82.55952615000031 28.24770207922181
-80.27436990000314 26.176558881220437
-84.4052292750001 34.108547937473524
-77.54976052500858 38.772432514145194
-73.85835427500902 40.56507951957753
Sum: 14822.801891009083