40.56507951957753, -73.85835427500902
38.772432514145194, -77.54976052500858
26.176558881220437, -80.27436990000314
28.24770207922181, -82.55952615000031
30.089457425014395, -84.66890115000008
29.287759374472813, -95.3036667750014
32.640688397241334, -96.62202615000125
30.089457425014395, -97.76460427500368
34.97727964358472, -101.89546365000065
35.01327961148759, -111.38765114999953
33.23080293029681, -112.22261208749687
36.08588188690158, -115.56245583750162
32.97311239658548, -117.2323777124963
33.999320468363095, -118.63862771249869
39.72528830651809, -120.13276833749595
38.222145234071036, -123.12104958749816
41.13019627380825, -124.26362771250061
45.8757982618686, -122.72554177499823
48.152468818056875, -122.81343240000076
47.50341272285311, -117.27632302500142
41.13019627380825, -111.82710427499693
39.961475963760066, -105.2353073999977
45.29144400095841, -93.1064011499991
38.772432514145194, -90.20601052499944
29.746655988569763, -89.89839333750201
41.69048709677229, -87.43745583749975
34.108547937473524, -84.4052292750001
42.66742768420476, -78.91206521250587
42.66742768420476, -70.95796365000933
40.56507951957753, -73.85835427500902
Length: 12793.686775211167